image_width: 1440
image_height: 1080
camera_name: narrow_stereo
camera_matrix:
  rows: 3
  cols: 3
  data: [ 1.5337795369166057e+04, 0., 7.1950000000000000e+02, 0.,
       1.5337795369166057e+04, 5.3950000000000000e+02, 0., 0., 1. ]
distortion_model: plumb_bob
distortion_coefficients:
  rows: 5
  cols: 1
  data: [ 6.1776262984372032e-01, -1.9445499039287442e+03, 0., 0.,
       1.5772383976302496e+06 ]

rectification_matrix:
  rows: 3
  cols: 3
  data: [1., 0., 0.,
         0., 1., 0.,
         0., 0., 1.]
projection_matrix:
  rows: 3
  cols: 4
  data: [1790.52356,    0.     ,  710.04861,    0.     ,
            0.     , 1794.3208 ,  562.32704,    0.     ,
            0.     ,    0.     ,    1.     ,    0.     ]